0 3
1 0
2 0
3 0
4 1
5 1
6 0
7 0
8 0
9 3
10 2
11 2
12 2
13 1
14 3
15 2
16 3
17 1
18 2
19 0
20 3
21 2
22 2
23 1
24 2
25 3
26 2
27 2
28 3
29 2
30 1
31 3
32 2
33 3
34 3
35 2
36 3
37 3
38 3
39 2
40 2
41 3
42 1
43 2
44 2
45 1
46 3
47 1
48 0
49 1
50 2
51 3
52 3
53 2
54 0
55 3
56 3
57 3
58 1
59 3
60 3
61 3
62 3
63 2
64 2
65 2
66 2
67 1
68 1
69 2
70 3
71 3
72 0
73 3
74 2
75 0
76 2
77 3
78 1
79 3
80 3
81 3
82 0
83 1
84 2
85 3
86 2
87 3
88 3
89 3
90 0
91 0
92 3
93 3
94 3
95 0
96 2
97 3
98 3
99 3
100 2
101 3
102 3
103 1
104 3
105 2
106 3
107 1
108 3
109 3
110 3
111 3
112 0
113 3
114 2
115 2
116 2
117 3
118 3
119 1
120 2
121 3
122 2
123 3
124 1
125 3
126 2
127 3
128 2
129 2
130 1
131 3
132 0
133 2
134 1
135 1
136 2
137 2
138 3
139 2
140 1
141 0
142 1
143 2
144 3
145 2
146 2
147 1
148 3
149 0
150 3
151 3
152 3
153 0
154 1
155 2
156 3
157 1
158 0
159 0
160 3
161 1
162 0
163 2
164 3
165 1
166 2
167 0
168 0
169 0
170 2
171 1
172 2
173 2
174 0
175 3
176 0
177 2
178 0
179 0
180 2
181 0
182 1
183 2
184 2
